Top 5 most similar words for query word "a":
is: 22.624405618102
one: 22.734046042330004
another: 23.308119094117604
his: 23.7219509668268
an: 25.05864920780899
